0 2 46011 49615 1
0 5 46011 46262 1
1 10 38165 39807 1
2 0 49615 46011 1
2 5 49615 46262 1
2 6 49615 52110 1
3 4 32829 27748 1
3 15 32829 33568 1
3 16 32829 28511 1
4 3 27748 32829 1
4 9 27748 24268 1
4 15 27748 33568 1
4 16 27748 28511 1
4 29 27748 25023 1
5 0 46262 46011 1
5 2 46262 49615 1
5 8 46262 43264 1
5 14 46262 49366 1
5 19 46262 44879 1
5 26 46262 48104 1
6 2 52110 49615 1
6 12 52110 55258 1
6 14 52110 49366 1
6 18 52110 52853 1
6 25 52110 56218 1
7 9 21607 24268 1
7 11 21607 18288 1
7 21 21607 21375 1
7 28 21607 17823 1
8 5 43264 46262 1
8 10 43264 39807 1
8 14 43264 49366 1
8 19 43264 44879 1
8 23 43264 41435 1
9 4 24268 27748 1
9 7 24268 21607 1
9 16 24268 28511 1
9 21 24268 21375 1
9 29 24268 25023 1
10 1 39807 38165 1
10 8 39807 43264 1
10 13 39807 36514 1
10 19 39807 44879 1
10 23 39807 41435 1
10 30 39807 35606 1
10 40 39807 39592 1
11 7 18288 21607 1
11 20 18288 15040 1
11 21 18288 21375 1
11 28 18288 17823 1
12 6 55258 52110 1
12 14 55258 49366 1
12 17 55258 59719 1
12 18 55258 52853 1
12 25 55258 56218 1
13 10 36514 39807 1
13 15 36514 33568 1
13 23 36514 41435 1
13 30 36514 35606 1
13 31 36514 31316 1
13 40 36514 39592 1
14 5 49366 46262 1
14 6 49366 52110 1
14 8 49366 43264 1
14 12 49366 55258 1
14 18 49366 52853 1
14 19 49366 44879 1
14 25 49366 56218 1
14 26 49366 48104 1
14 32 49366 52614 1
15 3 33568 32829 1
15 4 33568 27748 1
15 13 33568 36514 1
15 16 33568 28511 1
15 30 33568 35606 1
15 31 33568 31316 1
15 47 33568 34036 1
16 3 28511 32829 1
16 4 28511 27748 1
16 9 28511 24268 1
16 15 28511 33568 1
16 21 28511 21375 1
16 29 28511 25023 1
16 30 28511 35606 1
16 31 28511 31316 1
16 45 28511 27770 1
17 12 59719 55258 1
17 18 59719 52853 1
17 24 59719 63562 1
17 25 59719 56218 1
17 34 59719 61324 1
17 39 59719 57872 1
17 41 59719 65333 1
18 6 52853 52110 1
18 12 52853 55258 1
18 14 52853 49366 1
18 17 52853 59719 1
18 25 52853 56218 1
18 26 52853 48104 1
18 32 52853 52614 1
18 39 52853 57872 1
19 5 44879 46262 1
19 8 44879 43264 1
19 10 44879 39807 1
19 14 44879 49366 1
19 23 44879 41435 1
19 26 44879 48104 1
19 36 44879 44421 1
19 37 44879 46802 1
19 40 44879 39592 1
20 11 15040 18288 1
20 27 15040 12592 1
20 28 15040 17823 1
20 35 15040 10470 1
20 43 15040 14379 1
21 7 21375 21607 1
21 9 21375 24268 1
21 11 21375 18288 1
21 16 21375 28511 1
21 28 21375 17823 1
21 29 21375 25023 1
21 38 21375 20430 1
21 49 21375 23309 1
21 54 21375 16894 1
23 8 41435 43264 1
23 10 41435 39807 1
23 13 41435 36514 1
23 19 41435 44879 1
23 26 41435 48104 1
23 30 41435 35606 1
23 36 41435 44421 1
23 40 41435 39592 1
23 50 41435 42823 1
24 17 63562 59719 1
24 25 63562 56218 1
24 33 63562 67271 1
24 34 63562 61324 1
24 41 63562 65333 1
25 6 56218 52110 1
25 12 56218 55258 1
25 14 56218 49366 1
25 17 56218 59719 1
25 18 56218 52853 1
25 24 56218 63562 1
25 26 56218 48104 1
25 32 56218 52614 1
25 34 56218 61324 1
25 39 56218 57872 1
25 55 56218 55517 1
26 5 48104 46262 1
26 14 48104 49366 1
26 18 48104 52853 1
26 19 48104 44879 1
26 23 48104 41435 1
26 25 48104 56218 1
26 32 48104 52614 1
26 36 48104 44421 1
26 37 48104 46802 1
26 44 48104 51387 1
27 20 12592 15040 1
27 28 12592 17823 1
27 35 12592 10470 1
27 43 12592 14379 1
27 48 12592 8105 1
27 53 12592 10895 1
27 62 12592 13274 1
28 7 17823 21607 1
28 11 17823 18288 1
28 20 17823 15040 1
28 21 17823 21375 1
28 27 17823 12592 1
28 29 17823 25023 1
28 38 17823 20430 1
28 43 17823 14379 1
28 54 17823 16894 1
29 4 25023 27748 1
29 9 25023 24268 1
29 16 25023 28511 1
29 21 25023 21375 1
29 28 25023 17823 1
29 31 25023 31316 1
29 38 25023 20430 1
29 45 25023 27770 1
29 49 25023 23309 1
29 65 25023 26035 1
30 10 35606 39807 1
30 13 35606 36514 1
30 15 35606 33568 1
30 16 35606 28511 1
30 23 35606 41435 1
30 31 35606 31316 1
30 40 35606 39592 1
30 47 35606 34036 1
30 57 35606 38200 1
30 69 35606 34950 1
31 13 31316 36514 1
31 15 31316 33568 1
31 16 31316 28511 1
31 29 31316 25023 1
31 30 31316 35606 1
31 45 31316 27770 1
31 47 31316 34036 1
31 49 31316 23309 1
31 60 31316 30570 1
32 14 52614 49366 1
32 18 52614 52853 1
32 25 52614 56218 1
32 26 52614 48104 1
32 37 52614 46802 1
32 39 52614 57872 1
32 44 52614 51387 1
32 55 52614 55517 1
33 24 67271 63562 1
33 41 67271 65333 1
33 42 67271 69993 1
33 52 67271 69382 1
33 59 67271 66212 1
34 17 61324 59719 1
34 24 61324 63562 1
34 25 61324 56218 1
34 39 61324 57872 1
34 41 61324 65333 1
34 51 61324 61560 1
34 59 61324 66212 1
34 66 61324 59051 1
34 71 61324 63365 1
35 20 10470 15040 1
35 27 10470 12592 1
35 43 10470 14379 1
35 48 10470 8105 1
35 53 10470 10895 1
35 70 10470 7932 1
36 19 44421 44879 1
36 23 44421 41435 1
36 26 44421 48104 1
36 40 44421 39592 1
36 50 44421 42823 1
36 57 44421 38200 1
36 67 44421 44672 1
37 19 46802 44879 1
37 26 46802 48104 1
37 32 46802 52614 1
37 44 46802 51387 1
37 46 46802 45549 1
37 50 46802 42823 1
37 58 46802 48884 1
37 67 46802 44672 1
38 21 20430 21375 1
38 28 20430 17823 1
38 29 20430 25023 1
38 43 20430 14379 1
38 45 20430 27770 1
38 49 20430 23309 1
38 54 20430 16894 1
38 63 20430 19970 1
39 17 57872 59719 1
39 18 57872 52853 1
39 25 57872 56218 1
39 32 57872 52614 1
39 34 57872 61324 1
39 44 57872 51387 1
39 51 57872 61560 1
39 55 57872 55517 1
39 66 57872 59051 1
39 71 57872 63365 1
40 10 39592 39807 1
40 13 39592 36514 1
40 19 39592 44879 1
40 23 39592 41435 1
40 30 39592 35606 1
40 36 39592 44421 1
40 47 39592 34036 1
40 50 39592 42823 1
40 57 39592 38200 1
40 69 39592 34950 1
40 73 39592 41233 1
41 17 65333 59719 1
41 24 65333 63562 1
41 33 65333 67271 1
41 34 65333 61324 1
41 42 65333 69993 1
41 51 65333 61560 1
41 52 65333 69382 1
41 59 65333 66212 1
41 71 65333 63365 1
41 72 65333 69601 1
42 33 69993 67271 1
42 41 69993 65333 1
42 52 69993 69382 1
42 56 69993 72746 1
42 68 69993 71993 1
43 20 14379 15040 1
43 27 14379 12592 1
43 28 14379 17823 1
43 35 14379 10470 1
43 38 14379 20430 1
43 53 14379 10895 1
43 54 14379 16894 1
43 62 14379 13274 1
43 74 14379 16209 1
43 77 14379 10495 1
44 26 51387 48104 1
44 32 51387 52614 1
44 37 51387 46802 1
44 39 51387 57872 1
44 46 51387 45549 1
44 55 51387 55517 1
44 58 51387 48884 1
44 64 51387 53365 1
44 67 51387 44672 1
45 16 27770 28511 1
45 29 27770 25023 1
45 31 27770 31316 1
45 38 27770 20430 1
45 47 27770 34036 1
45 49 27770 23309 1
45 60 27770 30570 1
45 63 27770 19970 1
45 65 27770 26035 1
45 69 27770 34950 1
45 82 27770 29059 1
46 37 45549 46802 1
46 44 45549 51387 1
46 50 45549 42823 1
46 58 45549 48884 1
46 67 45549 44672 1
46 73 45549 41233 1
46 76 45549 48388 1
47 15 34036 33568 1
47 30 34036 35606 1
47 31 34036 31316 1
47 40 34036 39592 1
47 45 34036 27770 1
47 57 34036 38200 1
47 60 34036 30570 1
47 65 34036 26035 1
47 69 34036 34950 1
47 91 34036 33618 1
48 27 8105 12592 1
48 35 8105 10470 1
48 53 8105 10895 1
48 61 8105 6169 1
48 70 8105 7932 1
49 21 23309 21375 1
49 29 23309 25023 1
49 31 23309 31316 1
49 38 23309 20430 1
49 45 23309 27770 1
49 54 23309 16894 1
49 60 23309 30570 1
49 63 23309 19970 1
49 65 23309 26035 1
49 80 23309 22611 1
50 23 42823 41435 1
50 36 42823 44421 1
50 37 42823 46802 1
50 40 42823 39592 1
50 46 42823 45549 1
50 57 42823 38200 1
50 58 42823 48884 1
50 67 42823 44672 1
50 73 42823 41233 1
50 87 42823 43770 1
51 34 61560 61324 1
51 39 61560 57872 1
51 41 61560 65333 1
51 55 61560 55517 1
51 59 61560 66212 1
51 66 61560 59051 1
51 71 61560 63365 1
51 81 61560 67085 1
51 86 61560 61356 1
52 33 69382 67271 1
52 41 69382 65333 1
52 42 69382 69993 1
52 56 69382 72746 1
52 59 69382 66212 1
52 68 69382 71993 1
52 72 69382 69601 1
52 85 69382 72763 1
53 27 10895 12592 1
53 35 10895 10470 1
53 43 10895 14379 1
53 48 10895 8105 1
53 54 10895 16894 1
53 61 10895 6169 1
53 62 10895 13274 1
53 70 10895 7932 1
53 77 10895 10495 1
54 21 16894 21375 1
54 28 16894 17823 1
54 38 16894 20430 1
54 43 16894 14379 1
54 49 16894 23309 1
54 53 16894 10895 1
54 62 16894 13274 1
54 63 16894 19970 1
54 74 16894 16209 1
54 77 16894 10495 1
54 90 16894 13070 1
54 92 16894 18572 1
55 25 55517 56218 1
55 32 55517 52614 1
55 39 55517 57872 1
55 44 55517 51387 1
55 51 55517 61560 1
55 58 55517 48884 1
55 64 55517 53365 1
55 66 55517 59051 1
55 78 55517 57427 1
55 86 55517 61356 1
56 42 72746 69993 1
56 52 72746 69382 1
56 68 72746 71993 1
56 79 72746 74346 1
57 30 38200 35606 1
57 36 38200 44421 1
57 40 38200 39592 1
57 47 38200 34036 1
57 50 38200 42823 1
57 60 38200 30570 1
57 67 38200 44672 1
57 69 38200 34950 1
57 73 38200 41233 1
57 84 38200 37979 1
57 91 38200 33618 1
58 37 48884 46802 1
58 44 48884 51387 1
58 46 48884 45549 1
58 50 48884 42823 1
58 55 48884 55517 1
58 64 48884 53365 1
58 67 48884 44672 1
58 76 48884 48388 1
58 83 48884 53136 1
58 87 48884 43770 1
59 33 66212 67271 1
59 34 66212 61324 1
59 41 66212 65333 1
59 51 66212 61560 1
59 52 66212 69382 1
59 68 66212 71993 1
59 71 66212 63365 1
59 72 66212 69601 1
59 81 66212 67085 1
59 93 66212 70829 1
60 31 30570 31316 1
60 45 30570 27770 1
60 47 30570 34036 1
60 49 30570 23309 1
60 57 30570 38200 1
60 65 30570 26035 1
60 69 30570 34950 1
60 80 30570 22611 1
60 82 30570 29059 1
60 91 30570 33618 1
61 48 6169 8105 1
61 53 6169 10895 1
61 70 6169 7932 1
61 75 6169 4127 1
61 88 6169 6015 1
62 27 13274 12592 1
62 43 13274 14379 1
62 53 13274 10895 1
62 54 13274 16894 1
62 63 13274 19970 1
62 70 13274 7932 1
62 74 13274 16209 1
62 77 13274 10495 1
62 90 13274 13070 1
62 95 13274 8319 1
63 38 19970 20430 1
63 45 19970 27770 1
63 49 19970 23309 1
63 54 19970 16894 1
63 62 19970 13274 1
63 65 19970 26035 1
63 74 19970 16209 1
63 80 19970 22611 1
63 92 19970 18572 1
63 110 19970 21911 1
64 44 53365 51387 1
64 55 53365 55517 1
64 58 53365 48884 1
64 66 53365 59051 1
64 67 53365 44672 1
64 76 53365 48388 1
64 78 53365 57427 1
64 83 53365 53136 1
64 98 53365 57206 1
65 29 26035 25023 1
65 45 26035 27770 1
65 47 26035 34036 1
65 49 26035 23309 1
65 60 26035 30570 1
65 63 26035 19970 1
65 69 26035 34950 1
65 80 26035 22611 1
65 82 26035 29059 1
65 91 26035 33618 1
65 92 26035 18572 1
65 97 26035 25811 1
66 34 59051 61324 1
66 39 59051 57872 1
66 51 59051 61560 1
66 55 59051 55517 1
66 64 59051 53365 1
66 71 59051 63365 1
66 78 59051 57427 1
66 86 59051 61356 1
66 98 59051 57206 1
67 36 44672 44421 1
67 37 44672 46802 1
67 44 44672 51387 1
67 46 44672 45549 1
67 50 44672 42823 1
67 57 44672 38200 1
67 58 44672 48884 1
67 64 44672 53365 1
67 73 44672 41233 1
67 76 44672 48388 1
67 84 44672 37979 1
67 87 44672 43770 1
67 99 44672 41485 1
67 100 44672 47373 1
67 102 44672 45364 1
68 42 71993 69993 1
68 52 71993 69382 1
68 56 71993 72746 1
68 59 71993 66212 1
68 72 71993 69601 1
68 79 71993 74346 1
68 85 71993 72763 1
68 93 71993 70829 1
68 94 71993 75244 1
69 30 34950 35606 1
69 40 34950 39592 1
69 45 34950 27770 1
69 47 34950 34036 1
69 57 34950 38200 1
69 60 34950 30570 1
69 65 34950 26035 1
69 73 34950 41233 1
69 82 34950 29059 1
69 84 34950 37979 1
69 91 34950 33618 1
69 104 34950 30347 1
69 111 34950 37279 1
70 35 7932 10470 1
70 48 7932 8105 1
70 53 7932 10895 1
70 61 7932 6169 1
70 62 7932 13274 1
70 75 7932 4127 1
70 77 7932 10495 1
70 88 7932 6015 1
70 95 7932 8319 1
71 34 63365 61324 1
71 39 63365 57872 1
71 41 63365 65333 1
71 51 63365 61560 1
71 59 63365 66212 1
71 66 63365 59051 1
71 72 63365 69601 1
71 78 63365 57427 1
71 81 63365 67085 1
71 86 63365 61356 1
71 96 63365 65369 1
71 106 63365 62046 1
72 41 69601 65333 1
72 52 69601 69382 1
72 59 69601 66212 1
72 68 69601 71993 1
72 71 69601 63365 1
72 79 69601 74346 1
72 81 69601 67085 1
72 85 69601 72763 1
72 93 69601 70829 1
73 40 41233 39592 1
73 46 41233 45549 1
73 50 41233 42823 1
73 57 41233 38200 1
73 67 41233 44672 1
73 69 41233 34950 1
73 76 41233 48388 1
73 84 41233 37979 1
73 87 41233 43770 1
73 91 41233 33618 1
73 99 41233 41485 1
73 111 41233 37279 1
74 43 16209 14379 1
74 54 16209 16894 1
74 62 16209 13274 1
74 63 16209 19970 1
74 77 16209 10495 1
74 80 16209 22611 1
74 90 16209 13070 1
74 92 16209 18572 1
74 108 16209 15095 1
75 61 4127 6169 1
75 70 4127 7932 1
75 88 4127 6015 1
75 89 4127 2497 1
75 101 4127 4000 1
75 103 4127 1273 1
76 46 48388 45549 1
76 58 48388 48884 1
76 64 48388 53365 1
76 67 48388 44672 1
76 73 48388 41233 1
76 78 48388 57427 1
76 83 48388 53136 1
76 87 48388 43770 1
76 100 48388 47373 1
76 102 48388 45364 1
76 105 48388 52661 1
76 124 48388 49437 1
77 43 10495 14379 1
77 53 10495 10895 1
77 54 10495 16894 1
77 62 10495 13274 1
77 70 10495 7932 1
77 74 10495 16209 1
77 88 10495 6015 1
77 90 10495 13070 1
77 95 10495 8319 1
77 109 10495 10932 1
78 55 57427 55517 1
78 64 57427 53365 1
78 66 57427 59051 1
78 71 57427 63365 1
78 76 57427 48388 1
78 83 57427 53136 1
78 86 57427 61356 1
78 98 57427 57206 1
78 105 57427 52661 1
78 106 57427 62046 1
78 122 57427 59785 1
79 56 74346 72746 1
79 68 74346 71993 1
79 72 74346 69601 1
79 85 74346 72763 1
79 94 74346 75244 1
79 107 74346 74677 1
80 49 22611 23309 1
80 60 22611 30570 1
80 63 22611 19970 1
80 65 22611 26035 1
80 74 22611 16209 1
80 82 22611 29059 1
80 92 22611 18572 1
80 97 22611 25811 1
80 104 22611 30347 1
80 110 22611 21911 1
81 51 67085 61560 1
81 59 67085 66212 1
81 71 67085 63365 1
81 72 67085 69601 1
81 85 67085 72763 1
81 86 67085 61356 1
81 93 67085 70829 1
81 96 67085 65369 1
81 112 67085 69005 1
82 45 29059 27770 1
82 60 29059 30570 1
82 65 29059 26035 1
82 69 29059 34950 1
82 80 29059 22611 1
82 91 29059 33618 1
82 97 29059 25811 1
82 104 29059 30347 1
82 110 29059 21911 1
82 120 29059 33641 1
82 125 29059 27324 1
83 58 53136 48884 1
83 64 53136 53365 1
83 76 53136 48388 1
83 78 53136 57427 1
83 98 53136 57206 1
83 100 53136 47373 1
83 105 53136 52661 1
83 124 53136 49437 1
83 127 53136 54607 1
84 57 37979 38200 1
84 67 37979 44672 1
84 69 37979 34950 1
84 73 37979 41233 1
84 87 37979 43770 1
84 91 37979 33618 1
84 99 37979 41485 1
84 111 37979 37279 1
84 120 37979 33641 1
84 129 37979 42189 1
84 140 37979 37298 1
85 52 72763 69382 1
85 68 72763 71993 1
85 72 72763 69601 1
85 79 72763 74346 1
85 81 72763 67085 1
85 93 72763 70829 1
85 94 72763 75244 1
85 107 72763 74677 1
85 115 72763 72970 1
86 51 61356 61560 1
86 55 61356 55517 1
86 66 61356 59051 1
86 71 61356 63365 1
86 78 61356 57427 1
86 81 61356 67085 1
86 96 61356 65369 1
86 98 61356 57206 1
86 106 61356 62046 1
86 121 61356 65386 1
86 122 61356 59785 1
87 50 43770 42823 1
87 58 43770 48884 1
87 67 43770 44672 1
87 73 43770 41233 1
87 76 43770 48388 1
87 84 43770 37979 1
87 99 43770 41485 1
87 100 43770 47373 1
87 102 43770 45364 1
87 114 43770 44702 1
87 129 43770 42189 1
88 61 6015 6169 1
88 70 6015 7932 1
88 75 6015 4127 1
88 77 6015 10495 1
88 89 6015 2497 1
88 95 6015 8319 1
88 101 6015 4000 1
88 113 6015 5698 1
89 75 2497 4127 1
89 88 2497 6015 1
89 101 2497 4000 1
89 103 2497 1273 1
89 117 2497 2146 1
89 118 2497 463 1
90 54 13070 16894 1
90 62 13070 13274 1
90 74 13070 16209 1
90 77 13070 10495 1
90 92 13070 18572 1
90 95 13070 8319 1
90 108 13070 15095 1
90 109 13070 10932 1
90 119 13070 7783 1
90 128 13070 13095 1
91 47 33618 34036 1
91 57 33618 38200 1
91 60 33618 30570 1
91 65 33618 26035 1
91 69 33618 34950 1
91 73 33618 41233 1
91 82 33618 29059 1
91 84 33618 37979 1
91 97 33618 25811 1
91 99 33618 41485 1
91 104 33618 30347 1
91 111 33618 37279 1
91 120 33618 33641 1
91 125 33618 27324 1
91 140 33618 37298 1
92 54 18572 16894 1
92 63 18572 19970 1
92 65 18572 26035 1
92 74 18572 16209 1
92 80 18572 22611 1
92 90 18572 13070 1
92 97 18572 25811 1
92 108 18572 15095 1
92 109 18572 10932 1
92 110 18572 21911 1
92 123 18572 18595 1
92 128 18572 13095 1
92 132 18572 22887 1
93 59 70829 66212 1
93 68 70829 71993 1
93 72 70829 69601 1
93 81 70829 67085 1
93 85 70829 72763 1
93 96 70829 65369 1
93 107 70829 74677 1
93 112 70829 69005 1
93 115 70829 72970 1
93 134 70829 71253 1
94 68 75244 71993 1
94 79 75244 74346 1
94 85 75244 72763 1
94 107 75244 74677 1
94 115 75244 72970 1
94 131 75244 75956 1
95 62 8319 13274 1
95 70 8319 7932 1
95 77 8319 10495 1
95 88 8319 6015 1
95 90 8319 13070 1
95 101 8319 4000 1
95 109 8319 10932 1
95 113 8319 5698 1
95 119 8319 7783 1
96 71 65369 63365 1
96 81 65369 67085 1
96 86 65369 61356 1
96 93 65369 70829 1
96 106 65369 62046 1
96 112 65369 69005 1
96 121 65369 65386 1
96 134 65369 71253 1
96 149 65369 67767 1
97 65 25811 26035 1
97 80 25811 22611 1
97 82 25811 29059 1
97 91 25811 33618 1
97 92 25811 18572 1
97 104 25811 30347 1
97 110 25811 21911 1
97 123 25811 18595 1
97 125 25811 27324 1
97 132 25811 22887 1
98 64 57206 53365 1
98 66 57206 59051 1
98 78 57206 57427 1
98 83 57206 53136 1
98 86 57206 61356 1
98 105 57206 52661 1
98 106 57206 62046 1
98 122 57206 59785 1
98 127 57206 54607 1
98 147 57206 58176 1
99 67 41485 44672 1
99 73 41485 41233 1
99 84 41485 37979 1
99 87 41485 43770 1
99 91 41485 33618 1
99 100 41485 47373 1
99 102 41485 45364 1
99 111 41485 37279 1
99 114 41485 44702 1
99 129 41485 42189 1
99 140 41485 37298 1
99 152 41485 44490 1
100 67 47373 44672 1
100 76 47373 48388 1
100 83 47373 53136 1
100 87 47373 43770 1
100 99 47373 41485 1
100 102 47373 45364 1
100 105 47373 52661 1
100 114 47373 44702 1
100 124 47373 49437 1
100 137 47373 45840 1
101 75 4000 4127 1
101 88 4000 6015 1
101 89 4000 2497 1
101 95 4000 8319 1
101 103 4000 1273 1
101 113 4000 5698 1
101 117 4000 2146 1
101 133 4000 4018 1
101 141 4000 1500 1
102 67 45364 44672 1
102 76 45364 48388 1
102 87 45364 43770 1
102 99 45364 41485 1
102 100 45364 47373 1
102 114 45364 44702 1
102 129 45364 42189 1
103 75 1273 4127 1
103 89 1273 2497 1
103 101 1273 4000 1
103 117 1273 2146 1
103 118 1273 463 1
103 138 1273 259 1
103 141 1273 1500 1
104 69 30347 34950 1
104 80 30347 22611 1
104 82 30347 29059 1
104 91 30347 33618 1
104 97 30347 25811 1
104 110 30347 21911 1
104 111 30347 37279 1
104 120 30347 33641 1
104 125 30347 27324 1
104 132 30347 22887 1
104 139 30347 29602 1
104 148 30347 33656 1
105 76 52661 48388 1
105 78 52661 57427 1
105 83 52661 53136 1
105 98 52661 57206 1
105 100 52661 47373 1
105 122 52661 59785 1
105 124 52661 49437 1
105 127 52661 54607 1
105 147 52661 58176 1
105 150 52661 51952 1
106 71 62046 63365 1
106 78 62046 57427 1
106 86 62046 61356 1
106 96 62046 65369 1
106 98 62046 57206 1
106 112 62046 69005 1
106 121 62046 65386 1
106 122 62046 59785 1
106 146 62046 63192 1
106 149 62046 67767 1
107 79 74677 74346 1
107 85 74677 72763 1
107 93 74677 70829 1
107 94 74677 75244 1
107 115 74677 72970 1
107 131 74677 75956 1
107 144 74677 74544 1
107 160 74677 76139 1
108 74 15095 16209 1
108 90 15095 13070 1
108 92 15095 18572 1
108 109 15095 10932 1
108 110 15095 21911 1
108 123 15095 18595 1
108 128 15095 13095 1
108 142 15095 9921 1
108 143 15095 16485 1
109 77 10932 10495 1
109 90 10932 13070 1
109 92 10932 18572 1
109 95 10932 8319 1
109 108 10932 15095 1
109 113 10932 5698 1
109 119 10932 7783 1
109 128 10932 13095 1
109 142 10932 9921 1
110 63 21911 19970 1
110 80 21911 22611 1
110 82 21911 29059 1
110 92 21911 18572 1
110 97 21911 25811 1
110 104 21911 30347 1
110 108 21911 15095 1
110 123 21911 18595 1
110 125 21911 27324 1
110 130 21911 25089 1
110 132 21911 22887 1
110 143 21911 16485 1
110 153 21911 22180 1
111 69 37279 34950 1
111 73 37279 41233 1
111 84 37279 37979 1
111 91 37279 33618 1
111 99 37279 41485 1
111 104 37279 30347 1
111 120 37279 33641 1
111 129 37279 42189 1
111 140 37279 37298 1
111 148 37279 33656 1
112 81 69005 67085 1
112 93 69005 70829 1
112 96 69005 65369 1
112 106 69005 62046 1
112 115 69005 72970 1
112 121 69005 65386 1
112 134 69005 71253 1
112 149 69005 67767 1
113 88 5698 6015 1
113 95 5698 8319 1
113 101 5698 4000 1
113 109 5698 10932 1
113 117 5698 2146 1
113 119 5698 7783 1
113 133 5698 4018 1
113 141 5698 1500 1
113 145 5698 5717 1
114 87 44702 43770 1
114 99 44702 41485 1
114 100 44702 47373 1
114 102 44702 45364 1
114 124 44702 49437 1
114 129 44702 42189 1
114 135 44702 44714 1
114 137 44702 45840 1
114 152 44702 44490 1
115 85 72970 72763 1
115 93 72970 70829 1
115 94 72970 75244 1
115 107 72970 74677 1
115 112 72970 69005 1
115 131 72970 75956 1
115 134 72970 71253 1
115 144 72970 74544 1
115 160 72970 76139 1
115 161 72970 72811 1
117 89 2146 2497 1
117 101 2146 4000 1
117 103 2146 1273 1
117 113 2146 5698 1
117 118 2146 463 1
117 133 2146 4018 1
117 138 2146 259 1
117 141 2146 1500 1
117 156 2146 168 1
117 157 2146 3059 1
118 89 463 2497 1
118 103 463 1273 1
118 117 463 2146 1
118 138 463 259 1
118 141 463 1500 1
118 156 463 168 1
119 90 7783 13070 1
119 95 7783 8319 1
119 109 7783 10932 1
119 113 7783 5698 1
119 128 7783 13095 1
119 133 7783 4018 1
119 142 7783 9921 1
119 145 7783 5717 1
119 159 7783 7443 1
120 82 33641 29059 1
120 84 33641 37979 1
120 91 33641 33618 1
120 104 33641 30347 1
120 111 33641 37279 1
120 125 33641 27324 1
120 139 33641 29602 1
120 140 33641 37298 1
120 148 33641 33656 1
120 155 33641 38745 1
121 86 65386 61356 1
121 96 65386 65369 1
121 106 65386 62046 1
121 112 65386 69005 1
121 122 65386 59785 1
121 134 65386 71253 1
121 146 65386 63192 1
121 149 65386 67767 1
121 171 65386 66069 1
122 78 59785 57427 1
122 86 59785 61356 1
122 98 59785 57206 1
122 105 59785 52661 1
122 106 59785 62046 1
122 121 59785 65386 1
122 127 59785 54607 1
122 146 59785 63192 1
122 147 59785 58176 1
122 167 59785 61185 1
123 92 18595 18572 1
123 97 18595 25811 1
123 108 18595 15095 1
123 110 18595 21911 1
123 128 18595 13095 1
123 132 18595 22887 1
123 143 18595 16485 1
123 153 18595 22180 1
123 154 18595 12453 1
123 166 18595 17912 1
124 76 49437 48388 1
124 83 49437 53136 1
124 100 49437 47373 1
124 105 49437 52661 1
124 114 49437 44702 1
124 127 49437 54607 1
124 135 49437 44714 1
124 137 49437 45840 1
124 150 49437 51952 1
124 162 49437 47150 1
124 176 49437 50479 1
125 82 27324 29059 1
125 91 27324 33618 1
125 97 27324 25811 1
125 104 27324 30347 1
125 110 27324 21911 1
125 120 27324 33641 1
125 130 27324 25089 1
125 132 27324 22887 1
125 139 27324 29602 1
125 148 27324 33656 1
127 83 54607 53136 1
127 98 54607 57206 1
127 105 54607 52661 1
127 122 54607 59785 1
127 124 54607 49437 1
127 147 54607 58176 1
127 150 54607 51952 1
127 170 54607 55117 1
128 90 13095 13070 1
128 92 13095 18572 1
128 108 13095 15095 1
128 109 13095 10932 1
128 119 13095 7783 1
128 123 13095 18595 1
128 142 13095 9921 1
128 143 13095 16485 1
128 154 13095 12453 1
128 166 13095 17912 1
128 182 13095 10559 1
129 84 42189 37979 1
129 87 42189 43770 1
129 99 42189 41485 1
129 102 42189 45364 1
129 111 42189 37279 1
129 114 42189 44702 1
129 135 42189 44714 1
129 137 42189 45840 1
129 140 42189 37298 1
129 152 42189 44490 1
129 155 42189 38745 1
129 158 42189 43587 1
129 162 42189 47150 1
129 164 42189 41986 1
130 110 25089 21911 1
130 125 25089 27324 1
130 132 25089 22887 1
130 139 25089 29602 1
130 151 25089 28092 1
130 153 25089 22180 1
130 163 25089 23873 1
130 165 25089 32678 1
130 174 25089 28107 1
131 94 75956 75244 1
131 107 75956 74677 1
131 115 75956 72970 1
131 144 75956 74544 1
131 160 75956 76139 1
131 181 75956 75294 1
132 92 22887 18572 1
132 97 22887 25811 1
132 104 22887 30347 1
132 110 22887 21911 1
132 123 22887 18595 1
132 125 22887 27324 1
132 130 22887 25089 1
132 139 22887 29602 1
132 143 22887 16485 1
132 151 22887 28092 1
132 153 22887 22180 1
132 163 22887 23873 1
132 166 22887 17912 1
133 101 4018 4000 1
133 113 4018 5698 1
133 117 4018 2146 1
133 119 4018 7783 1
133 141 4018 1500 1
133 145 4018 5717 1
133 157 4018 3059 1
133 168 4018 1211 1
133 172 4018 5088 1
133 185 4018 3212 1
134 93 71253 70829 1
134 96 71253 65369 1
134 112 71253 69005 1
134 115 71253 72970 1
134 121 71253 65386 1
134 144 71253 74544 1
134 149 71253 67767 1
134 161 71253 72811 1
134 175 71253 70277 1
135 114 44714 44702 1
135 124 44714 49437 1
135 129 44714 42189 1
135 137 44714 45840 1
135 152 44714 44490 1
137 100 45840 47373 1
137 114 45840 44702 1
137 124 45840 49437 1
137 129 45840 42189 1
137 135 45840 44714 1
137 150 45840 51952 1
137 152 45840 44490 1
137 162 45840 47150 1
137 176 45840 50479 1
138 103 259 1273 1
138 117 259 2146 1
138 118 259 463 1
138 141 259 1500 1
138 156 259 168 1
138 168 259 1211 1
139 104 29602 30347 1
139 120 29602 33641 1
139 125 29602 27324 1
139 130 29602 25089 1
139 132 29602 22887 1
139 140 29602 37298 1
139 148 29602 33656 1
139 151 29602 28092 1
139 165 29602 32678 1
139 174 29602 28107 1
140 84 37298 37979 1
140 91 37298 33618 1
140 99 37298 41485 1
140 111 37298 37279 1
140 120 37298 33641 1
140 129 37298 42189 1
140 139 37298 29602 1
140 148 37298 33656 1
140 152 37298 44490 1
140 155 37298 38745 1
140 164 37298 41986 1
140 165 37298 32678 1
140 178 37298 37087 1
141 101 1500 4000 1
141 103 1500 1273 1
141 113 1500 5698 1
141 117 1500 2146 1
141 118 1500 463 1
141 133 1500 4018 1
141 138 1500 259 1
141 145 1500 5717 1
141 156 1500 168 1
141 157 1500 3059 1
141 168 1500 1211 1
141 185 1500 3212 1
142 108 9921 15095 1
142 109 9921 10932 1
142 119 9921 7783 1
142 128 9921 13095 1
142 143 9921 16485 1
142 145 9921 5717 1
142 154 9921 12453 1
142 159 9921 7443 1
142 182 9921 10559 1
143 108 16485 15095 1
143 110 16485 21911 1
143 123 16485 18595 1
143 128 16485 13095 1
143 132 16485 22887 1
143 142 16485 9921 1
143 153 16485 22180 1
143 154 16485 12453 1
143 166 16485 17912 1
143 179 16485 21714 1
143 180 16485 14016 1
143 195 16485 17457 1
144 107 74544 74677 1
144 115 74544 72970 1
144 131 74544 75956 1
144 134 74544 71253 1
144 160 74544 76139 1
144 161 74544 72811 1
144 181 74544 75294 1
144 191 74544 73202 1
145 113 5717 5698 1
145 119 5717 7783 1
145 133 5717 4018 1
145 141 5717 1500 1
145 142 5717 9921 1
145 157 5717 3059 1
145 159 5717 7443 1
145 172 5717 5088 1
145 185 5717 3212 1
145 186 5717 6586 1
146 106 63192 62046 1
146 121 63192 65386 1
146 122 63192 59785 1
146 147 63192 58176 1
146 149 63192 67767 1
146 167 63192 61185 1
146 171 63192 66069 1
146 194 63192 63225 1
147 98 58176 57206 1
147 105 58176 52661 1
147 122 58176 59785 1
147 127 58176 54607 1
147 146 58176 63192 1
147 150 58176 51952 1
147 167 58176 61185 1
147 170 58176 55117 1
147 192 58176 58672 1
148 104 33656 30347 1
148 111 33656 37279 1
148 120 33656 33641 1
148 125 33656 27324 1
148 139 33656 29602 1
148 140 33656 37298 1
148 151 33656 28092 1
148 155 33656 38745 1
148 165 33656 32678 1
148 178 33656 37087 1
149 96 67767 65369 1
149 106 67767 62046 1
149 112 67767 69005 1
149 121 67767 65386 1
149 134 67767 71253 1
149 146 67767 63192 1
149 161 67767 72811 1
149 167 67767 61185 1
149 171 67767 66069 1
149 175 67767 70277 1
149 197 67767 67799 1
150 105 51952 52661 1
150 124 51952 49437 1
150 127 51952 54607 1
150 137 51952 45840 1
150 147 51952 58176 1
150 162 51952 47150 1
150 170 51952 55117 1
150 176 51952 50479 1
150 198 51952 53457 1
150 199 51952 48217 1
151 130 28092 25089 1
151 132 28092 22887 1
151 139 28092 29602 1
151 148 28092 33656 1
151 153 28092 22180 1
151 163 28092 23873 1
151 165 28092 32678 1
151 174 28092 28107 1
151 187 28092 32692 1
151 188 28092 22917 1
152 99 44490 41485 1
152 114 44490 44702 1
152 129 44490 42189 1
152 135 44490 44714 1
152 137 44490 45840 1
152 140 44490 37298 1
152 155 44490 38745 1
152 158 44490 43587 1
152 162 44490 47150 1
152 164 44490 41986 1
152 173 44490 43134 1
152 184 44490 44512 1
153 110 22180 21911 1
153 123 22180 18595 1
153 130 22180 25089 1
153 132 22180 22887 1
153 143 22180 16485 1
153 151 22180 28092 1
153 163 22180 23873 1
153 166 22180 17912 1
153 179 22180 21714 1
153 190 22180 21721 1
153 195 22180 17457 1
154 123 12453 18595 1
154 128 12453 13095 1
154 142 12453 9921 1
154 143 12453 16485 1
154 159 12453 7443 1
154 166 12453 17912 1
154 180 12453 14016 1
154 182 12453 10559 1
154 195 12453 17457 1
154 202 12453 12051 1
155 120 38745 33641 1
155 129 38745 42189 1
155 140 38745 37298 1
155 148 38745 33656 1
155 152 38745 44490 1
155 164 38745 41986 1
155 165 38745 32678 1
155 173 38745 43134 1
155 178 38745 37087 1
155 184 38745 44512 1
155 193 38745 40843 1
156 117 168 2146 1
156 118 168 463 1
156 138 168 259 1
156 141 168 1500 1
156 157 168 3059 1
156 168 168 1211 1
156 169 168 64 1
156 189 168 291 1
156 200 168 1434 1
157 117 3059 2146 1
157 133 3059 4018 1
157 141 3059 1500 1
157 145 3059 5717 1
157 156 3059 168 1
157 159 3059 7443 1
157 168 3059 1211 1
157 172 3059 5088 1
157 185 3059 3212 1
157 200 3059 1434 1
157 203 3059 5428 1
158 129 43587 42189 1
158 152 43587 44490 1
158 162 43587 47150 1
158 164 43587 41986 1
158 173 43587 43134 1
158 184 43587 44512 1
158 193 43587 40843 1
159 119 7443 7783 1
159 142 7443 9921 1
159 145 7443 5717 1
159 154 7443 12453 1
159 157 7443 3059 1
159 172 7443 5088 1
159 182 7443 10559 1
159 186 7443 6586 1
159 203 7443 5428 1
159 206 7443 8773 1
160 107 76139 74677 1
160 115 76139 72970 1
160 131 76139 75956 1
160 144 76139 74544 1
160 161 76139 72811 1
160 181 76139 75294 1
160 201 76139 76221 1
161 115 72811 72970 1
161 134 72811 71253 1
161 144 72811 74544 1
161 149 72811 67767 1
161 160 72811 76139 1
161 175 72811 70277 1
161 181 72811 75294 1
161 191 72811 73202 1
161 211 72811 71305 1
161 214 72811 74746 1
162 124 47150 49437 1
162 129 47150 42189 1
162 137 47150 45840 1
162 150 47150 51952 1
162 152 47150 44490 1
162 158 47150 43587 1
162 164 47150 41986 1
162 170 47150 55117 1
162 173 47150 43134 1
162 176 47150 50479 1
162 184 47150 44512 1
162 193 47150 40843 1
162 199 47150 48217 1
163 130 23873 25089 1
163 132 23873 22887 1
163 151 23873 28092 1
163 153 23873 22180 1
163 165 23873 32678 1
163 174 23873 28107 1
163 179 23873 21714 1
163 188 23873 22917 1
163 190 23873 21721 1
163 196 23873 27368 1
163 209 23873 23416 1
164 129 41986 42189 1
164 140 41986 37298 1
164 152 41986 44490 1
164 155 41986 38745 1
164 158 41986 43587 1
164 162 41986 47150 1
164 173 41986 43134 1
164 178 41986 37087 1
164 184 41986 44512 1
164 193 41986 40843 1
165 130 32678 25089 1
165 139 32678 29602 1
165 140 32678 37298 1
165 148 32678 33656 1
165 151 32678 28092 1
165 155 32678 38745 1
165 163 32678 23873 1
165 174 32678 28107 1
165 178 32678 37087 1
165 187 32678 32692 1
165 204 32678 35949 1
166 123 17912 18595 1
166 128 17912 13095 1
166 132 17912 22887 1
166 143 17912 16485 1
166 153 17912 22180 1
166 154 17912 12453 1
166 179 17912 21714 1
166 180 17912 14016 1
166 190 17912 21721 1
166 195 17912 17457 1
166 202 17912 12051 1
166 208 17912 20783 1
167 122 61185 59785 1
167 146 61185 63192 1
167 147 61185 58176 1
167 149 61185 67767 1
167 170 61185 55117 1
167 171 61185 66069 1
167 192 61185 58672 1
167 194 61185 63225 1
167 197 61185 67799 1
167 216 61185 61895 1
168 133 1211 4018 1
168 138 1211 259 1
168 141 1211 1500 1
168 156 1211 168 1
168 157 1211 3059 1
168 169 1211 64 1
168 172 1211 5088 1
168 185 1211 3212 1
168 189 1211 291 1
168 200 1211 1434 1
168 212 1211 3367 1
169 156 64 168 1
169 168 64 1211 1
169 189 64 291 1
170 127 55117 54607 1
170 147 55117 58176 1
170 150 55117 51952 1
170 162 55117 47150 1
170 167 55117 61185 1
170 176 55117 50479 1
170 192 55117 58672 1
170 198 55117 53457 1
170 199 55117 48217 1
170 217 55117 56815 1
171 121 66069 65386 1
171 146 66069 63192 1
171 149 66069 67767 1
171 167 66069 61185 1
171 175 66069 70277 1
171 194 66069 63225 1
171 197 66069 67799 1
171 221 66069 66104 1
172 133 5088 4018 1
172 145 5088 5717 1
172 157 5088 3059 1
172 159 5088 7443 1
172 168 5088 1211 1
172 182 5088 10559 1
172 185 5088 3212 1
172 186 5088 6586 1
172 203 5088 5428 1
172 206 5088 8773 1
172 212 5088 3367 1
173 152 43134 44490 1
173 155 43134 38745 1
173 158 43134 43587 1
173 162 43134 47150 1
173 164 43134 41986 1
173 178 43134 37087 1
173 184 43134 44512 1
173 193 43134 40843 1
173 207 43134 43623 1
174 130 28107 25089 1
174 139 28107 29602 1
174 151 28107 28092 1
174 163 28107 23873 1
174 165 28107 32678 1
174 179 28107 21714 1
174 187 28107 32692 1
174 188 28107 22917 1
174 196 28107 27368 1
174 210 28107 30926 1
175 134 70277 71253 1
175 149 70277 67767 1
175 161 70277 72811 1
175 171 70277 66069 1
175 181 70277 75294 1
175 191 70277 73202 1
175 194 70277 63225 1
175 197 70277 67799 1
175 211 70277 71305 1
176 124 50479 49437 1
176 137 50479 45840 1
176 150 50479 51952 1
176 162 50479 47150 1
176 170 50479 55117 1
176 184 50479 44512 1
176 192 50479 58672 1
176 198 50479 53457 1
176 199 50479 48217 1
176 219 50479 51011 1
176 223 50479 47456 1
177 183 23 8 1
177 205 23 21 1
178 140 37087 37298 1
178 148 37087 33656 1
178 155 37087 38745 1
178 164 37087 41986 1
178 165 37087 32678 1
178 173 37087 43134 1
178 184 37087 44512 1
178 187 37087 32692 1
178 193 37087 40843 1
178 204 37087 35949 1
178 220 37087 38549 1
179 143 21714 16485 1
179 153 21714 22180 1
179 163 21714 23873 1
179 166 21714 17912 1
179 174 21714 28107 1
179 180 21714 14016 1
179 188 21714 22917 1
179 190 21714 21721 1
179 195 21714 17457 1
179 208 21714 20783 1
179 209 21714 23416 1
180 143 14016 16485 1
180 154 14016 12453 1
180 166 14016 17912 1
180 179 14016 21714 1
180 182 14016 10559 1
180 195 14016 17457 1
180 202 14016 12051 1
180 206 14016 8773 1
180 218 14016 16306 1
181 131 75294 75956 1
181 144 75294 74544 1
181 160 75294 76139 1
181 161 75294 72811 1
181 175 75294 70277 1
181 191 75294 73202 1
181 201 75294 76221 1
181 214 75294 74746 1
181 227 75294 76303 1
182 128 10559 13095 1
182 142 10559 9921 1
182 154 10559 12453 1
182 159 10559 7443 1
182 172 10559 5088 1
182 180 10559 14016 1
182 186 10559 6586 1
182 202 10559 12051 1
182 206 10559 8773 1
182 226 10559 11852 1
183 177 8 23 1
183 205 8 21 1
184 152 44512 44490 1
184 155 44512 38745 1
184 158 44512 43587 1
184 162 44512 47150 1
184 164 44512 41986 1
184 173 44512 43134 1
184 176 44512 50479 1
184 178 44512 37087 1
184 193 44512 40843 1
184 199 44512 48217 1
184 207 44512 43623 1
184 215 44512 40628 1
184 219 44512 51011 1
184 223 44512 47456 1
185 133 3212 4018 1
185 141 3212 1500 1
185 145 3212 5717 1
185 157 3212 3059 1
185 168 3212 1211 1
185 172 3212 5088 1
185 186 3212 6586 1
185 189 3212 291 1
185 200 3212 1434 1
185 203 3212 5428 1
185 212 3212 3367 1
185 225 3212 1660 1
185 240 3212 5132 1
186 145 6586 5717 1
186 159 6586 7443 1
186 172 6586 5088 1
186 182 6586 10559 1
186 185 6586 3212 1
186 202 6586 12051 1
186 203 6586 5428 1
186 206 6586 8773 1
186 228 6586 6615 1
187 151 32692 28092 1
187 165 32692 32678 1
187 174 32692 28107 1
187 178 32692 37087 1
187 196 32692 27368 1
187 204 32692 35949 1
187 210 32692 30926 1
187 224 32692 34380 1
187 230 32692 27142 1
188 151 22917 28092 1
188 163 22917 23873 1
188 174 22917 28107 1
188 179 22917 21714 1
188 190 22917 21721 1
188 196 22917 27368 1
188 208 22917 20783 1
188 209 22917 23416 1
188 210 22917 30926 1
188 230 22917 27142 1
189 156 291 168 1
189 168 291 1211 1
189 169 291 64 1
189 185 291 3212 1
189 200 291 1434 1
189 213 291 308 1
189 225 291 1660 1
190 153 21721 22180 1
190 163 21721 23873 1
190 166 21721 17912 1
190 179 21721 21714 1
190 188 21721 22917 1
190 195 21721 17457 1
190 196 21721 27368 1
190 208 21721 20783 1
190 209 21721 23416 1
190 218 21721 16306 1
190 237 21721 23190 1
191 144 73202 74544 1
191 161 73202 72811 1
191 175 73202 70277 1
191 181 73202 75294 1
191 197 73202 67799 1
191 201 73202 76221 1
191 211 73202 71305 1
191 214 73202 74746 1
191 238 73202 72861 1
192 147 58672 58176 1
192 167 58672 61185 1
192 170 58672 55117 1
192 176 58672 50479 1
192 194 58672 63225 1
192 198 58672 53457 1
192 216 58672 61895 1
192 217 58672 56815 1
192 246 58672 59865 1
193 155 40843 38745 1
193 158 40843 43587 1
193 162 40843 47150 1
193 164 40843 41986 1
193 173 40843 43134 1
193 178 40843 37087 1
193 184 40843 44512 1
193 199 40843 48217 1
193 204 40843 35949 1
193 207 40843 43623 1
193 215 40843 40628 1
193 220 40843 38549 1
193 224 40843 34380 1
194 146 63225 63192 1
194 167 63225 61185 1
194 171 63225 66069 1
194 175 63225 70277 1
194 192 63225 58672 1
194 197 63225 67799 1
194 216 63225 61895 1
194 217 63225 56815 1
194 221 63225 66104 1
194 246 63225 59865 1
194 250 63225 64149 1
195 143 17457 16485 1
195 153 17457 22180 1
195 154 17457 12453 1
195 166 17457 17912 1
195 179 17457 21714 1
195 180 17457 14016 1
195 190 17457 21721 1
195 202 17457 12051 1
195 208 17457 20783 1
195 209 17457 23416 1
195 218 17457 16306 1
195 235 17457 20561 1
195 245 17457 15184 1
196 163 27368 23873 1
196 174 27368 28107 1
196 187 27368 32692 1
196 188 27368 22917 1
196 190 27368 21721 1
196 209 27368 23416 1
196 210 27368 30926 1
196 230 27368 27142 1
197 149 67799 67767 1
197 167 67799 61185 1
197 171 67799 66069 1
197 175 67799 70277 1
197 191 67799 73202 1
197 194 67799 63225 1
197 211 67799 71305 1
197 216 67799 61895 1
197 221 67799 66104 1
197 242 67799 69297 1
198 150 53457 51952 1
198 170 53457 55117 1
198 176 53457 50479 1
198 192 53457 58672 1
198 199 53457 48217 1
198 217 53457 56815 1
198 219 53457 51011 1
198 223 53457 47456 1
198 247 53457 53967 1
198 251 53457 50277 1
199 150 48217 51952 1
199 162 48217 47150 1
199 170 48217 55117 1
199 176 48217 50479 1
199 184 48217 44512 1
199 193 48217 40843 1
199 198 48217 53457 1
199 207 48217 43623 1
199 219 48217 51011 1
199 223 48217 47456 1
199 251 48217 50277 1
200 156 1434 168 1
200 157 1434 3059 1
200 168 1434 1211 1
200 185 1434 3212 1
200 189 1434 291 1
200 203 1434 5428 1
200 212 1434 3367 1
200 213 1434 308 1
200 225 1434 1660 1
200 253 1434 3119 1
201 160 76221 76139 1
201 181 76221 75294 1
201 191 76221 73202 1
201 214 76221 74746 1
201 227 76221 76303 1
201 244 76221 75337 1
202 154 12051 12453 1
202 166 12051 17912 1
202 180 12051 14016 1
202 182 12051 10559 1
202 186 12051 6586 1
202 195 12051 17457 1
202 206 12051 8773 1
202 218 12051 16306 1
202 226 12051 11852 1
202 245 12051 15184 1
203 157 5428 3059 1
203 159 5428 7443 1
203 172 5428 5088 1
203 185 5428 3212 1
203 186 5428 6586 1
203 200 5428 1434 1
203 206 5428 8773 1
203 212 5428 3367 1
203 228 5428 6615 1
203 240 5428 5132 1
204 165 35949 32678 1
204 178 35949 37087 1
204 187 35949 32692 1
204 193 35949 40843 1
204 210 35949 30926 1
204 215 35949 40628 1
204 220 35949 38549 1
204 224 35949 34380 1
204 236 35949 29922 1
204 239 35949 37362 1
205 177 21 23 1
205 183 21 8 1
206 159 8773 7443 1
206 172 8773 5088 1
206 180 8773 14016 1
206 182 8773 10559 1
206 186 8773 6586 1
206 202 8773 12051 1
206 203 8773 5428 1
206 226 8773 11852 1
206 228 8773 6615 1
206 248 8773 10398 1
207 173 43623 43134 1
207 184 43623 44512 1
207 193 43623 40843 1
207 199 43623 48217 1
207 215 43623 40628 1
207 219 43623 51011 1
207 220 43623 38549 1
207 223 43623 47456 1
207 232 43623 39943 1
207 234 43623 43409 1
207 241 43623 44990 1
207 255 43623 46418 1
207 258 43623 40191 1
208 166 20783 17912 1
208 179 20783 21714 1
208 188 20783 22917 1
208 190 20783 21721 1
208 195 20783 17457 1
208 209 20783 23416 1
208 218 20783 16306 1
208 235 20783 20561 1
208 237 20783 23190 1
208 245 20783 15184 1
208 257 20783 24428 1
209 163 23416 23873 1
209 179 23416 21714 1
209 188 23416 22917 1
209 190 23416 21721 1
209 195 23416 17457 1
209 196 23416 27368 1
209 208 23416 20783 1
209 210 23416 30926 1
209 230 23416 27142 1
209 237 23416 23190 1
209 249 23416 26159 1
210 174 30926 28107 1
210 187 30926 32692 1
210 188 30926 22917 1
210 196 30926 27368 1
210 204 30926 35949 1
210 209 30926 23416 1
210 224 30926 34380 1
210 230 30926 27142 1
210 236 30926 29922 1
211 161 71305 72811 1
211 175 71305 70277 1
211 191 71305 73202 1
211 197 71305 67799 1
211 214 71305 74746 1
211 221 71305 66104 1
211 238 71305 72861 1
211 242 71305 69297 1
211 244 71305 75337 1
211 262 71305 70938 1
212 168 3367 1211 1
212 172 3367 5088 1
212 185 3367 3212 1
212 200 3367 1434 1
212 203 3367 5428 1
212 213 3367 308 1
212 225 3367 1660 1
212 228 3367 6615 1
212 240 3367 5132 1
212 253 3367 3119 1
213 189 308 291 1
213 200 308 1434 1
213 212 308 3367 1
213 225 308 1660 1
213 233 308 211 1
213 243 308 538 1
213 253 308 3119 1
213 263 308 1898 1
214 161 74746 72811 1
214 181 74746 75294 1
214 191 74746 73202 1
214 201 74746 76221 1
214 211 74746 71305 1
214 227 74746 76303 1
214 238 74746 72861 1
214 244 74746 75337 1
214 260 74746 76257 1
214 272 74746 74135 1
215 184 40628 44512 1
215 193 40628 40843 1
215 204 40628 35949 1
215 207 40628 43623 1
215 220 40628 38549 1
215 223 40628 47456 1
215 224 40628 34380 1
215 232 40628 39943 1
215 234 40628 43409 1
215 239 40628 37362 1
215 258 40628 40191 1
216 167 61895 61185 1
216 192 61895 58672 1
216 194 61895 63225 1
216 197 61895 67799 1
216 217 61895 56815 1
216 221 61895 66104 1
216 246 61895 59865 1
216 250 61895 64149 1
216 273 61895 61253 1
217 170 56815 55117 1
217 192 56815 58672 1
217 194 56815 63225 1
217 198 56815 53457 1
217 216 56815 61895 1
217 219 56815 51011 1
217 246 56815 59865 1
217 247 56815 53967 1
217 251 56815 50277 1
217 268 56815 57083 1
218 180 16306 14016 1
218 190 16306 21721 1
218 195 16306 17457 1
218 202 16306 12051 1
218 208 16306 20783 1
218 226 16306 11852 1
218 235 16306 20561 1
218 245 16306 15184 1
218 261 16306 18447 1
219 176 51011 50479 1
219 184 51011 44512 1
219 198 51011 53457 1
219 199 51011 48217 1
219 207 51011 43623 1
219 217 51011 56815 1
219 223 51011 47456 1
219 241 51011 44990 1
219 247 51011 53967 1
219 251 51011 50277 1
219 255 51011 46418 1
219 276 51011 52529 1
220 178 38549 37087 1
220 193 38549 40843 1
220 204 38549 35949 1
220 207 38549 43623 1
220 215 38549 40628 1
220 224 38549 34380 1
220 239 38549 37362 1
220 252 38549 33239 1
221 171 66104 66069 1
221 194 66104 63225 1
221 197 66104 67799 1
221 211 66104 71305 1
221 216 66104 61895 1
221 238 66104 72861 1
221 242 66104 69297 1
221 246 66104 59865 1
221 250 66104 64149 1
221 266 66104 66992 1
221 273 66104 61253 1
223 176 47456 50479 1
223 184 47456 44512 1
223 198 47456 53457 1
223 199 47456 48217 1
223 207 47456 43623 1
223 215 47456 40628 1
223 219 47456 51011 1
223 234 47456 43409 1
223 241 47456 44990 1
223 247 47456 53967 1
223 251 47456 50277 1
223 255 47456 46418 1
223 271 47456 45672 1
224 187 34380 32692 1
224 193 34380 40843 1
224 204 34380 35949 1
224 210 34380 30926 1
224 215 34380 40628 1
224 220 34380 38549 1
224 230 34380 27142 1
224 236 34380 29922 1
224 239 34380 37362 1
224 252 34380 33239 1
224 269 34380 36450 1
225 185 1660 3212 1
225 189 1660 291 1
225 200 1660 1434 1
225 212 1660 3367 1
225 213 1660 308 1
225 233 1660 211 1
225 240 1660 5132 1
225 243 1660 538 1
225 253 1660 3119 1
225 263 1660 1898 1
226 182 11852 10559 1
226 202 11852 12051 1
226 206 11852 8773 1
226 218 11852 16306 1
226 228 11852 6615 1
226 245 11852 15184 1
226 248 11852 10398 1
226 259 11852 7688 1
226 264 11852 13628 1
226 270 11852 11246 1
227 181 76303 75294 1
227 201 76303 76221 1
227 214 76303 74746 1
227 238 76303 72861 1
227 244 76303 75337 1
227 260 76303 76257 1
227 272 76303 74135 1
228 186 6615 6586 1
228 203 6615 5428 1
228 206 6615 8773 1
228 212 6615 3367 1
228 226 6615 11852 1
228 240 6615 5132 1
228 248 6615 10398 1
228 259 6615 7688 1
229 256 44308 45661 1
229 277 44308 44340 1
230 187 27142 32692 1
230 188 27142 22917 1
230 196 27142 27368 1
230 209 27142 23416 1
230 210 27142 30926 1
230 224 27142 34380 1
230 236 27142 29922 1
230 237 27142 23190 1
230 249 27142 26159 1
230 254 27142 26906 1
232 207 39943 43623 1
232 215 39943 40628 1
232 234 39943 43409 1
232 239 39943 37362 1
232 258 39943 40191 1
232 269 39943 36450 1
232 274 39943 43896 1
233 213 211 308 1
233 225 211 1660 1
233 243 211 538 1
234 207 43409 43623 1
234 215 43409 40628 1
234 223 43409 47456 1
234 232 43409 39943 1
234 239 43409 37362 1
234 241 43409 44990 1
234 258 43409 40191 1
234 274 43409 43896 1
234 281 43409 39977 1
235 195 20561 17457 1
235 208 20561 20783 1
235 218 20561 16306 1
235 237 20561 23190 1
235 245 20561 15184 1
235 249 20561 26159 1
235 257 20561 24428 1
235 261 20561 18447 1
235 264 20561 13628 1
235 275 20561 22498 1
236 204 29922 35949 1
236 210 29922 30926 1
236 224 29922 34380 1
236 230 29922 27142 1
236 237 29922 23190 1
236 239 29922 37362 1
236 249 29922 26159 1
236 252 29922 33239 1
236 254 29922 26906 1
236 267 29922 29687 1
237 190 23190 21721 1
237 208 23190 20783 1
237 209 23190 23416 1
237 230 23190 27142 1
237 235 23190 20561 1
237 236 23190 29922 1
237 249 23190 26159 1
237 254 23190 26906 1
237 257 23190 24428 1
237 261 23190 18447 1
238 191 72861 73202 1
238 211 72861 71305 1
238 214 72861 74746 1
238 221 72861 66104 1
238 227 72861 76303 1
238 242 72861 69297 1
238 244 72861 75337 1
238 262 72861 70938 1
238 266 72861 66992 1
238 272 72861 74135 1
239 204 37362 35949 1
239 215 37362 40628 1
239 220 37362 38549 1
239 224 37362 34380 1
239 232 37362 39943 1
239 234 37362 43409 1
239 236 37362 29922 1
239 252 37362 33239 1
239 258 37362 40191 1
239 269 37362 36450 1
239 281 37362 39977 1
240 185 5132 3212 1
240 203 5132 5428 1
240 212 5132 3367 1
240 225 5132 1660 1
240 228 5132 6615 1
240 248 5132 10398 1
240 253 5132 3119 1
240 259 5132 7688 1
240 265 5132 5469 1
240 279 5132 8437 1
241 207 44990 43623 1
241 219 44990 51011 1
241 223 44990 47456 1
241 234 44990 43409 1
241 251 44990 50277 1
241 255 44990 46418 1
242 197 69297 67799 1
242 211 69297 71305 1
242 221 69297 66104 1
242 238 69297 72861 1
242 250 69297 64149 1
242 262 69297 70938 1
242 266 69297 66992 1
242 284 69297 69119 1
243 213 538 308 1
243 225 538 1660 1
243 233 538 211 1
243 253 538 3119 1
243 263 538 1898 1
244 201 75337 76221 1
244 211 75337 71305 1
244 214 75337 74746 1
244 227 75337 76303 1
244 238 75337 72861 1
244 260 75337 76257 1
244 262 75337 70938 1
244 272 75337 74135 1
244 278 75337 76048 1
244 288 75337 74638 1
245 195 15184 17457 1
245 202 15184 12051 1
245 208 15184 20783 1
245 218 15184 16306 1
245 226 15184 11852 1
245 235 15184 20561 1
245 248 15184 10398 1
245 261 15184 18447 1
245 264 15184 13628 1
245 270 15184 11246 1
245 283 15184 16813 1
246 192 59865 58672 1
246 194 59865 63225 1
246 216 59865 61895 1
246 217 59865 56815 1
246 221 59865 66104 1
246 247 59865 53967 1
246 250 59865 64149 1
246 268 59865 57083 1
246 273 59865 61253 1
246 291 59865 57805 1
247 198 53967 53457 1
247 217 53967 56815 1
247 219 53967 51011 1
247 223 53967 47456 1
247 246 53967 59865 1
247 251 53967 50277 1
247 268 53967 57083 1
247 273 53967 61253 1
247 276 53967 52529 1
247 291 53967 57805 1
248 206 10398 8773 1
248 226 10398 11852 1
248 228 10398 6615 1
248 240 10398 5132 1
248 245 10398 15184 1
248 259 10398 7688 1
248 264 10398 13628 1
248 270 10398 11246 1
248 279 10398 8437 1
248 293 10398 13204 1
249 209 26159 23416 1
249 230 26159 27142 1
249 235 26159 20561 1
249 236 26159 29922 1
249 237 26159 23190 1
249 254 26159 26906 1
249 257 26159 24428 1
249 267 26159 29687 1
249 275 26159 22498 1
249 282 26159 26432 1
250 194 64149 63225 1
250 216 64149 61895 1
250 221 64149 66104 1
250 242 64149 69297 1
250 246 64149 59865 1
250 262 64149 70938 1
250 266 64149 66992 1
250 268 64149 57083 1
250 273 64149 61253 1
250 285 64149 63951 1
251 198 50277 53457 1
251 199 50277 48217 1
251 217 50277 56815 1
251 219 50277 51011 1
251 223 50277 47456 1
251 241 50277 44990 1
251 247 50277 53967 1
251 255 50277 46418 1
251 268 50277 57083 1
251 271 50277 45672 1
251 276 50277 52529 1
251 290 50277 49294 1
251 297 50277 53767 1
252 220 33239 38549 1
252 224 33239 34380 1
252 236 33239 29922 1
252 239 33239 37362 1
252 254 33239 26906 1
252 258 33239 40191 1
252 267 33239 29687 1
252 269 33239 36450 1
252 286 33239 33263 1
253 200 3119 1434 1
253 212 3119 3367 1
253 213 3119 308 1
253 225 3119 1660 1
253 240 3119 5132 1
253 243 3119 538 1
253 259 3119 7688 1
253 263 3119 1898 1
253 265 3119 5469 1
253 280 3119 3969 1
253 292 3119 6316 1
254 230 26906 27142 1
254 236 26906 29922 1
254 237 26906 23190 1
254 249 26906 26159 1
254 252 26906 33239 1
254 257 26906 24428 1
254 267 26906 29687 1
254 275 26906 22498 1
254 282 26906 26432 1
255 207 46418 43623 1
255 219 46418 51011 1
255 223 46418 47456 1
255 241 46418 44990 1
255 251 46418 50277 1
255 271 46418 45672 1
255 276 46418 52529 1
255 290 46418 49294 1
255 294 46418 45022 1
256 229 45661 44308 1
256 271 45661 45672 1
256 277 45661 44340 1
257 208 24428 20783 1
257 235 24428 20561 1
257 237 24428 23190 1
257 249 24428 26159 1
257 254 24428 26906 1
257 261 24428 18447 1
257 267 24428 29687 1
257 275 24428 22498 1
257 282 24428 26432 1
258 207 40191 43623 1
258 215 40191 40628 1
258 232 40191 39943 1
258 234 40191 43409 1
258 239 40191 37362 1
258 252 40191 33239 1
258 269 40191 36450 1
258 274 40191 43896 1
258 281 40191 39977 1
258 286 40191 33263 1
258 299 40191 36937 1
258 302 40191 42991 1
259 226 7688 11852 1
259 228 7688 6615 1
259 240 7688 5132 1
259 248 7688 10398 1
259 253 7688 3119 1
259 264 7688 13628 1
259 265 7688 5469 1
259 270 7688 11246 1
259 279 7688 8437 1
259 292 7688 6316 1
259 293 7688 13204 1
260 214 76257 74746 1
260 227 76257 76303 1
260 244 76257 75337 1
260 272 76257 74135 1
260 278 76257 76048 1
260 288 76257 74638 1
261 218 18447 16306 1
261 235 18447 20561 1
261 237 18447 23190 1
261 245 18447 15184 1
261 257 18447 24428 1
261 264 18447 13628 1
261 275 18447 22498 1
261 283 18447 16813 1
261 293 18447 13204 1
261 296 18447 20603 1
262 211 70938 71305 1
262 238 70938 72861 1
262 242 70938 69297 1
262 244 70938 75337 1
262 250 70938 64149 1
262 266 70938 66992 1
262 272 70938 74135 1
262 284 70938 69119 1
262 285 70938 63951 1
262 288 70938 74638 1
262 295 70938 71947 1
262 298 70938 66156 1
263 213 1898 308 1
263 225 1898 1660 1
263 243 1898 538 1
263 253 1898 3119 1
263 265 1898 5469 1
263 280 1898 3969 1
263 289 1898 2750 1
263 305 1898 4564 1
264 226 13628 11852 1
264 235 13628 20561 1
264 245 13628 15184 1
264 248 13628 10398 1
264 259 13628 7688 1
264 261 13628 18447 1
264 270 13628 11246 1
264 283 13628 16813 1
264 293 13628 13204 1
265 240 5469 5132 1
265 253 5469 3119 1
265 259 5469 7688 1
265 263 5469 1898 1
265 270 5469 11246 1
265 279 5469 8437 1
265 280 5469 3969 1
265 292 5469 6316 1
265 304 5469 10437 1
265 305 5469 4564 1
266 221 66992 66104 1
266 238 66992 72861 1
266 242 66992 69297 1
266 250 66992 64149 1
266 262 66992 70938 1
266 273 66992 61253 1
266 284 66992 69119 1
266 285 66992 63951 1
266 298 66992 66156 1
266 300 66992 60821 1
267 236 29687 29922 1
267 249 29687 26159 1
267 252 29687 33239 1
267 254 29687 26906 1
267 257 29687 24428 1
267 269 29687 36450 1
267 275 29687 22498 1
267 282 29687 26432 1
267 286 29687 33263 1
267 301 29687 29459 1
267 306 29687 24960 1
268 217 57083 56815 1
268 246 57083 59865 1
268 247 57083 53967 1
268 250 57083 64149 1
268 251 57083 50277 1
268 273 57083 61253 1
268 276 57083 52529 1
268 291 57083 57805 1
268 297 57083 53767 1
268 300 57083 60821 1
269 224 36450 34380 1
269 232 36450 39943 1
269 239 36450 37362 1
269 252 36450 33239 1
269 258 36450 40191 1
269 267 36450 29687 1
269 274 36450 43896 1
269 281 36450 39977 1
269 286 36450 33263 1
269 299 36450 36937 1
270 226 11246 11852 1
270 245 11246 15184 1
270 248 11246 10398 1
270 259 11246 7688 1
270 264 11246 13628 1
270 265 11246 5469 1
270 279 11246 8437 1
270 283 11246 16813 1
270 293 11246 13204 1
270 304 11246 10437 1
271 223 45672 47456 1
271 251 45672 50277 1
271 255 45672 46418 1
271 256 45672 45661 1
271 274 45672 43896 1
271 276 45672 52529 1
271 277 45672 44340 1
271 290 45672 49294 1
271 294 45672 45022 1
271 302 45672 42991 1
271 310 45672 47777 1
272 214 74135 74746 1
272 227 74135 76303 1
272 238 74135 72861 1
272 244 74135 75337 1
272 260 74135 76257 1
272 262 74135 70938 1
272 278 74135 76048 1
272 284 74135 69119 1
272 288 74135 74638 1
272 295 74135 71947 1
272 303 74135 75099 1
272 308 74135 72721 1
273 216 61253 61895 1
273 221 61253 66104 1
273 246 61253 59865 1
273 247 61253 53967 1
273 250 61253 64149 1
273 266 61253 66992 1
273 268 61253 57083 1
273 285 61253 63951 1
273 291 61253 57805 1
273 300 61253 60821 1
274 232 43896 39943 1
274 234 43896 43409 1
274 258 43896 40191 1
274 269 43896 36450 1
274 271 43896 45672 1
274 277 43896 44340 1
274 281 43896 39977 1
274 290 43896 49294 1
274 294 43896 45022 1
274 302 43896 42991 1
275 235 22498 20561 1
275 249 22498 26159 1
275 254 22498 26906 1
275 257 22498 24428 1
275 261 22498 18447 1
275 267 22498 29687 1
275 282 22498 26432 1
275 283 22498 16813 1
275 296 22498 20603 1
275 301 22498 29459 1
275 306 22498 24960 1
275 307 22498 17065 1
275 320 22498 21572 1
276 219 52529 51011 1
276 247 52529 53967 1
276 251 52529 50277 1
276 255 52529 46418 1
276 268 52529 57083 1
276 271 52529 45672 1
276 290 52529 49294 1
276 291 52529 57805 1
276 297 52529 53767 1
276 310 52529 47777 1
276 312 52529 56644 1
277 229 44340 44308 1
277 256 44340 45661 1
277 271 44340 45672 1
277 274 44340 43896 1
277 281 44340 39977 1
277 290 44340 49294 1
277 294 44340 45022 1
277 302 44340 42991 1
278 244 76048 75337 1
278 260 76048 76257 1
278 272 76048 74135 1
278 288 76048 74638 1
278 303 76048 75099 1
279 240 8437 5132 1
279 248 8437 10398 1
279 259 8437 7688 1
279 265 8437 5469 1
279 270 8437 11246 1
279 280 8437 3969 1
279 292 8437 6316 1
279 293 8437 13204 1
279 304 8437 10437 1
279 311 8437 8275 1
280 253 3969 3119 1
280 263 3969 1898 1
280 265 3969 5469 1
280 279 3969 8437 1
280 289 3969 2750 1
280 292 3969 6316 1
280 305 3969 4564 1
280 311 3969 8275 1
281 234 39977 43409 1
281 239 39977 37362 1
281 258 39977 40191 1
281 269 39977 36450 1
281 274 39977 43896 1
281 277 39977 44340 1
281 286 39977 33263 1
281 294 39977 45022 1
281 299 39977 36937 1
281 302 39977 42991 1
281 316 39977 40234 1
282 249 26432 26159 1
282 254 26432 26906 1
282 257 26432 24428 1
282 267 26432 29687 1
282 275 26432 22498 1
282 286 26432 33263 1
282 296 26432 20603 1
282 301 26432 29459 1
282 306 26432 24960 1
282 320 26432 21572 1
282 325 26432 27458 1
283 245 16813 15184 1
283 261 16813 18447 1
283 264 16813 13628 1
283 270 16813 11246 1
283 275 16813 22498 1
283 293 16813 13204 1
283 296 16813 20603 1
283 307 16813 17065 1
283 317 16813 13889 1
283 320 16813 21572 1
284 242 69119 69297 1
284 262 69119 70938 1
284 266 69119 66992 1
284 272 69119 74135 1
284 285 69119 63951 1
284 288 69119 74638 1
284 295 69119 71947 1
284 298 69119 66156 1
284 308 69119 72721 1
284 309 69119 69137 1
285 250 63951 64149 1
285 262 63951 70938 1
285 266 63951 66992 1
285 273 63951 61253 1
285 284 63951 69119 1
285 291 63951 57805 1
285 298 63951 66156 1
285 300 63951 60821 1
285 314 63951 62861 1
286 252 33263 33239 1
286 258 33263 40191 1
286 267 33263 29687 1
286 269 33263 36450 1
286 281 33263 39977 1
286 282 33263 26432 1
286 299 33263 36937 1
286 301 33263 29459 1
286 315 33263 33531 1
288 244 74638 75337 1
288 260 74638 76257 1
288 262 74638 70938 1
288 272 74638 74135 1
288 278 74638 76048 1
288 284 74638 69119 1
288 295 74638 71947 1
288 303 74638 75099 1
288 308 74638 72721 1
288 309 74638 69137 1
288 321 74638 73826 1
289 263 2750 1898 1
289 280 2750 3969 1
289 292 2750 6316 1
289 305 2750 4564 1
290 251 49294 50277 1
290 255 49294 46418 1
290 271 49294 45672 1
290 274 49294 43896 1
290 276 49294 52529 1
290 277 49294 44340 1
290 294 49294 45022 1
290 297 49294 53767 1
290 302 49294 42991 1
290 310 49294 47777 1
290 318 49294 52562 1
291 246 57805 59865 1
291 247 57805 53967 1
291 268 57805 57083 1
291 273 57805 61253 1
291 276 57805 52529 1
291 285 57805 63951 1
291 297 57805 53767 1
291 300 57805 60821 1
291 312 57805 56644 1
291 318 57805 52562 1
291 326 57805 58764 1
292 253 6316 3119 1
292 259 6316 7688 1
292 265 6316 5469 1
292 279 6316 8437 1
292 280 6316 3969 1
292 289 6316 2750 1
292 304 6316 10437 1
292 305 6316 4564 1
292 311 6316 8275 1
292 319 6316 6848 1
293 248 13204 10398 1
293 259 13204 7688 1
293 261 13204 18447 1
293 264 13204 13628 1
293 270 13204 11246 1
293 279 13204 8437 1
293 283 13204 16813 1
293 296 13204 20603 1
293 304 13204 10437 1
293 307 13204 17065 1
293 317 13204 13889 1
293 327 13204 11288 1
294 255 45022 46418 1
294 271 45022 45672 1
294 274 45022 43896 1
294 277 45022 44340 1
294 281 45022 39977 1
294 290 45022 49294 1
294 302 45022 42991 1
294 310 45022 47777 1
294 322 45022 43932 1
294 331 45022 48563 1
295 262 71947 70938 1
295 272 71947 74135 1
295 284 71947 69119 1
295 288 71947 74638 1
295 298 71947 66156 1
295 303 71947 75099 1
295 308 71947 72721 1
295 309 71947 69137 1
295 324 71947 70176 1
296 261 20603 18447 1
296 275 20603 22498 1
296 282 20603 26432 1
296 283 20603 16813 1
296 293 20603 13204 1
296 301 20603 29459 1
296 306 20603 24960 1
296 307 20603 17065 1
296 320 20603 21572 1
296 325 20603 27458 1
296 329 20603 18498 1
297 251 53767 50277 1
297 268 53767 57083 1
297 276 53767 52529 1
297 290 53767 49294 1
297 291 53767 57805 1
297 300 53767 60821 1
297 310 53767 47777 1
297 312 53767 56644 1
297 318 53767 52562 1
297 326 53767 58764 1
297 332 53767 54990 1
298 262 66156 70938 1
298 266 66156 66992 1
298 284 66156 69119 1
298 285 66156 63951 1
298 295 66156 71947 1
298 300 66156 60821 1
298 309 66156 69137 1
298 314 66156 62861 1
298 323 66156 66172 1
298 333 66156 62425 1
299 258 36937 40191 1
299 269 36937 36450 1
299 281 36937 39977 1
299 286 36937 33263 1
299 301 36937 29459 1
299 302 36937 42991 1
299 315 36937 33531 1
299 316 36937 40234 1
299 330 36937 36727 1
300 266 60821 66992 1
300 268 60821 57083 1
300 273 60821 61253 1
300 285 60821 63951 1
300 291 60821 57805 1
300 297 60821 53767 1
300 298 60821 66156 1
300 312 60821 56644 1
300 314 60821 62861 1
300 326 60821 58764 1
300 333 60821 62425 1
301 267 29459 29687 1
301 275 29459 22498 1
301 282 29459 26432 1
301 286 29459 33263 1
301 296 29459 20603 1
301 299 29459 36937 1
301 306 29459 24960 1
301 315 29459 33531 1
301 320 29459 21572 1
301 325 29459 27458 1
301 337 29459 31522 1
302 258 42991 40191 1
302 271 42991 45672 1
302 274 42991 43896 1
302 277 42991 44340 1
302 281 42991 39977 1
302 290 42991 49294 1
302 294 42991 45022 1
302 299 42991 36937 1
302 310 42991 47777 1
302 316 42991 40234 1
302 322 42991 43932 1
302 331 42991 48563 1
302 334 42991 41869 1
302 341 42991 45722 1
303 272 75099 74135 1
303 278 75099 76048 1
303 288 75099 74638 1
303 295 75099 71947 1
303 308 75099 72721 1
303 321 75099 73826 1
303 324 75099 70176 1
304 265 10437 5469 1
304 270 10437 11246 1
304 279 10437 8437 1
304 292 10437 6316 1
304 293 10437 13204 1
304 307 10437 17065 1
304 311 10437 8275 1
304 317 10437 13889 1
304 327 10437 11288 1
304 335 10437 9447 1
304 340 10437 15250 1
305 263 4564 1898 1
305 265 4564 5469 1
305 280 4564 3969 1
305 289 4564 2750 1
305 292 4564 6316 1
305 311 4564 8275 1
305 313 4564 5181 1
305 319 4564 6848 1
306 267 24960 29687 1
306 275 24960 22498 1
306 282 24960 26432 1
306 296 24960 20603 1
306 301 24960 29459 1
306 307 24960 17065 1
306 315 24960 33531 1
306 320 24960 21572 1
306 325 24960 27458 1
306 339 24960 24489 1
307 275 17065 22498 1
307 283 17065 16813 1
307 293 17065 13204 1
307 296 17065 20603 1
307 304 17065 10437 1
307 306 17065 24960 1
307 317 17065 13889 1
307 320 17065 21572 1
307 329 17065 18498 1
307 340 17065 15250 1
308 272 72721 74135 1
308 284 72721 69119 1
308 288 72721 74638 1
308 295 72721 71947 1
308 303 72721 75099 1
308 309 72721 69137 1
308 321 72721 73826 1
308 324 72721 70176 1
308 336 72721 71387 1
308 338 72721 67682 1
309 284 69137 69119 1
309 288 69137 74638 1
309 295 69137 71947 1
309 298 69137 66156 1
309 308 69137 72721 1
309 314 69137 62861 1
309 323 69137 66172 1
309 324 69137 70176 1
309 338 69137 67682 1
310 271 47777 45672 1
310 276 47777 52529 1
310 290 47777 49294 1
310 294 47777 45022 1
310 297 47777 53767 1
310 302 47777 42991 1
310 312 47777 56644 1
310 318 47777 52562 1
310 322 47777 43932 1
310 331 47777 48563 1
310 332 47777 54990 1
310 341 47777 45722 1
310 343 47777 51593 1
311 279 8275 8437 1
311 280 8275 3969 1
311 292 8275 6316 1
311 304 8275 10437 1
311 305 8275 4564 1
311 317 8275 13889 1
311 319 8275 6848 1
311 327 8275 11288 1
311 335 8275 9447 1
311 344 8275 12801 1
312 276 56644 52529 1
312 291 56644 57805 1
312 297 56644 53767 1
312 300 56644 60821 1
312 310 56644 47777 1
312 314 56644 62861 1
312 318 56644 52562 1
312 326 56644 58764 1
312 332 56644 54990 1
312 342 56644 57371 1
313 305 5181 4564 1
313 319 5181 6848 1
314 285 62861 63951 1
314 298 62861 66156 1
314 300 62861 60821 1
314 309 62861 69137 1
314 312 62861 56644 1
314 323 62861 66172 1
314 326 62861 58764 1
314 333 62861 62425 1
314 342 62861 57371 1
315 286 33531 33263 1
315 299 33531 36937 1
315 301 33531 29459 1
315 306 33531 24960 1
315 316 33531 40234 1
315 325 33531 27458 1
315 330 33531 36727 1
315 337 33531 31522 1
315 347 33531 34689 1
316 281 40234 39977 1
316 299 40234 36937 1
316 302 40234 42991 1
316 315 40234 33531 1
316 322 40234 43932 1
316 330 40234 36727 1
316 334 40234 41869 1
316 341 40234 45722 1
316 345 40234 38632 1
317 283 13889 16813 1
317 293 13889 13204 1
317 304 13889 10437 1
317 307 13889 17065 1
317 311 13889 8275 1
317 320 13889 21572 1
317 327 13889 11288 1
317 329 13889 18498 1
317 340 13889 15250 1
317 344 13889 12801 1
318 290 52562 49294 1
318 291 52562 57805 1
318 297 52562 53767 1
318 310 52562 47777 1
318 312 52562 56644 1
318 326 52562 58764 1
318 331 52562 48563 1
318 332 52562 54990 1
318 343 52562 51593 1
319 292 6848 6316 1
319 305 6848 4564 1
319 311 6848 8275 1
319 313 6848 5181 1
319 327 6848 11288 1
319 335 6848 9447 1
319 353 6848 10676 1
320 275 21572 22498 1
320 282 21572 26432 1
320 283 21572 16813 1
320 296 21572 20603 1
320 301 21572 29459 1
320 306 21572 24960 1
320 307 21572 17065 1
320 317 21572 13889 1
320 325 21572 27458 1
320 329 21572 18498 1
320 339 21572 24489 1
320 348 21572 20640 1
321 288 73826 74638 1
321 303 73826 75099 1
321 308 73826 72721 1
321 324 73826 70176 1
321 328 73826 74505 1
321 336 73826 71387 1
322 294 43932 45022 1
322 302 43932 42991 1
322 310 43932 47777 1
322 316 43932 40234 1
322 330 43932 36727 1
322 331 43932 48563 1
322 334 43932 41869 1
322 341 43932 45722 1
322 349 43932 43486 1
322 355 43932 48065 1
323 298 66172 66156 1
323 309 66172 69137 1
323 314 66172 62861 1
323 324 66172 70176 1
323 326 66172 58764 1
323 333 66172 62425 1
323 338 66172 67682 1
323 346 66172 64216 1
324 295 70176 71947 1
324 303 70176 75099 1
324 308 70176 72721 1
324 309 70176 69137 1
324 321 70176 73826 1
324 323 70176 66172 1
324 336 70176 71387 1
324 338 70176 67682 1
324 350 70176 68955 1
325 282 27458 26432 1
325 296 27458 20603 1
325 301 27458 29459 1
325 306 27458 24960 1
325 315 27458 33531 1
325 320 27458 21572 1
325 337 27458 31522 1
325 339 27458 24489 1
325 352 27458 28232 1
326 291 58764 57805 1
326 297 58764 53767 1
326 300 58764 60821 1
326 312 58764 56644 1
326 314 58764 62861 1
326 318 58764 52562 1
326 323 58764 66172 1
326 332 58764 54990 1
326 333 58764 62425 1
326 342 58764 57371 1
326 343 58764 51593 1
326 351 58764 60398 1
327 293 11288 13204 1
327 304 11288 10437 1
327 311 11288 8275 1
327 317 11288 13889 1
327 319 11288 6848 1
327 335 11288 9447 1
327 340 11288 15250 1
327 344 11288 12801 1
327 353 11288 10676 1
327 358 11288 11941 1
328 321 74505 73826 1
328 336 74505 71387 1
329 296 18498 20603 1
329 307 18498 17065 1
329 317 18498 13889 1
329 320 18498 21572 1
329 339 18498 24489 1
329 340 18498 15250 1
329 348 18498 20640 1
329 356 18498 17569 1
329 362 18498 24504 1
330 299 36727 36937 1
330 315 36727 33531 1
330 316 36727 40234 1
330 322 36727 43932 1
330 334 36727 41869 1
330 337 36727 31522 1
330 345 36727 38632 1
330 347 36727 34689 1
330 357 36727 32811 1
331 294 48563 45022 1
331 302 48563 42991 1
331 310 48563 47777 1
331 318 48563 52562 1
331 322 48563 43932 1
331 332 48563 54990 1
331 334 48563 41869 1
331 341 48563 45722 1
331 343 48563 51593 1
331 355 48563 48065 1
332 297 54990 53767 1
332 310 54990 47777 1
332 312 54990 56644 1
332 318 54990 52562 1
332 326 54990 58764 1
332 331 54990 48563 1
332 333 54990 62425 1
332 342 54990 57371 1
332 343 54990 51593 1
332 354 54990 54519 1
333 298 62425 66156 1
333 300 62425 60821 1
333 314 62425 62861 1
333 323 62425 66172 1
333 326 62425 58764 1
333 332 62425 54990 1
333 338 62425 67682 1
333 342 62425 57371 1
333 346 62425 64216 1
333 351 62425 60398 1
334 302 41869 42991 1
334 316 41869 40234 1
334 322 41869 43932 1
334 330 41869 36727 1
334 331 41869 48563 1
334 341 41869 45722 1
334 345 41869 38632 1
334 347 41869 34689 1
334 349 41869 43486 1
334 355 41869 48065 1
334 363 41869 40723 1
335 304 9447 10437 1
335 311 9447 8275 1
335 319 9447 6848 1
335 327 9447 11288 1
335 340 9447 15250 1
335 344 9447 12801 1
335 353 9447 10676 1
335 358 9447 11941 1
335 360 9447 14364 1
336 308 71387 72721 1
336 321 71387 73826 1
336 324 71387 70176 1
336 328 71387 74505 1
336 338 71387 67682 1
336 350 71387 68955 1
336 361 71387 65980 1
337 301 31522 29459 1
337 315 31522 33531 1
337 325 31522 27458 1
337 330 31522 36727 1
337 339 31522 24489 1
337 345 31522 38632 1
337 347 31522 34689 1
337 352 31522 28232 1
337 357 31522 32811 1
338 308 67682 72721 1
338 309 67682 69137 1
338 323 67682 66172 1
338 324 67682 70176 1
338 333 67682 62425 1
338 336 67682 71387 1
338 346 67682 64216 1
338 350 67682 68955 1
338 351 67682 60398 1
338 361 67682 65980 1
339 306 24489 24960 1
339 320 24489 21572 1
339 325 24489 27458 1
339 329 24489 18498 1
339 337 24489 31522 1
339 348 24489 20640 1
339 352 24489 28232 1
339 362 24489 24504 1
339 366 24489 28745 1
340 304 15250 10437 1
340 307 15250 17065 1
340 317 15250 13889 1
340 327 15250 11288 1
340 329 15250 18498 1
340 335 15250 9447 1
340 344 15250 12801 1
340 348 15250 20640 1
340 356 15250 17569 1
340 360 15250 14364 1
341 302 45722 42991 1
341 310 45722 47777 1
341 316 45722 40234 1
341 322 45722 43932 1
341 331 45722 48563 1
341 334 45722 41869 1
341 343 45722 51593 1
341 349 45722 43486 1
341 355 45722 48065 1
341 359 45722 45733 1
342 312 57371 56644 1
342 314 57371 62861 1
342 326 57371 58764 1
342 332 57371 54990 1
342 333 57371 62425 1
342 343 57371 51593 1
342 346 57371 64216 1
342 351 57371 60398 1
342 354 57371 54519 1
342 364 57371 57619 1
343 310 51593 47777 1
343 318 51593 52562 1
343 326 51593 58764 1
343 331 51593 48563 1
343 332 51593 54990 1
343 341 51593 45722 1
343 342 51593 57371 1
343 354 51593 54519 1
343 355 51593 48065 1
344 311 12801 8275 1
344 317 12801 13889 1
344 327 12801 11288 1
344 335 12801 9447 1
344 340 12801 15250 1
344 353 12801 10676 1
344 356 12801 17569 1
344 358 12801 11941 1
344 360 12801 14364 1
345 316 38632 40234 1
345 330 38632 36727 1
345 334 38632 41869 1
345 337 38632 31522 1
345 347 38632 34689 1
345 349 38632 43486 1
345 363 38632 40723 1
346 323 64216 66172 1
346 333 64216 62425 1
346 338 64216 67682 1
346 342 64216 57371 1
346 350 64216 68955 1
346 351 64216 60398 1
346 361 64216 65980 1
346 364 64216 57619 1
347 315 34689 33531 1
347 330 34689 36727 1
347 334 34689 41869 1
347 337 34689 31522 1
347 345 34689 38632 1
347 352 34689 28232 1
347 357 34689 32811 1
347 363 34689 40723 1
348 320 20640 21572 1
348 329 20640 18498 1
348 339 20640 24489 1
348 340 20640 15250 1
348 352 20640 28232 1
348 356 20640 17569 1
348 362 20640 24504 1
348 367 20640 21369 1
348 368 20640 24510 1
349 322 43486 43932 1
349 334 43486 41869 1
349 341 43486 45722 1
349 345 43486 38632 1
349 355 43486 48065 1
349 359 43486 45733 1
349 363 43486 40723 1
350 324 68955 70176 1
350 336 68955 71387 1
350 338 68955 67682 1
350 346 68955 64216 1
350 361 68955 65980 1
351 326 60398 58764 1
351 333 60398 62425 1
351 338 60398 67682 1
351 342 60398 57371 1
351 346 60398 64216 1
351 354 60398 54519 1
351 361 60398 65980 1
351 364 60398 57619 1
352 325 28232 27458 1
352 337 28232 31522 1
352 339 28232 24489 1
352 347 28232 34689 1
352 348 28232 20640 1
352 357 28232 32811 1
352 362 28232 24504 1
352 366 28232 28745 1
352 370 28232 33317 1
353 319 10676 6848 1
353 327 10676 11288 1
353 335 10676 9447 1
353 344 10676 12801 1
353 358 10676 11941 1
353 360 10676 14364 1
354 332 54519 54990 1
354 342 54519 57371 1
354 343 54519 51593 1
354 351 54519 60398 1
354 355 54519 48065 1
354 364 54519 57619 1
354 365 54519 52097 1
354 371 54519 55494 1
355 322 48065 43932 1
355 331 48065 48563 1
355 334 48065 41869 1
355 341 48065 45722 1
355 343 48065 51593 1
355 349 48065 43486 1
355 354 48065 54519 1
355 359 48065 45733 1
355 365 48065 52097 1
355 369 48065 48589 1
356 329 17569 18498 1
356 340 17569 15250 1
356 344 17569 12801 1
356 348 17569 20640 1
356 358 17569 11941 1
356 360 17569 14364 1
356 362 17569 24504 1
356 367 17569 21369 1
357 330 32811 36727 1
357 337 32811 31522 1
357 347 32811 34689 1
357 352 32811 28232 1
357 362 32811 24504 1
357 366 32811 28745 1
357 370 32811 33317 1
358 327 11941 11288 1
358 335 11941 9447 1
358 344 11941 12801 1
358 353 11941 10676 1
358 356 11941 17569 1
358 360 11941 14364 1
359 341 45733 45722 1
359 349 45733 43486 1
359 355 45733 48065 1
359 363 45733 40723 1
359 365 45733 52097 1
359 369 45733 48589 1
360 335 14364 9447 1
360 340 14364 15250 1
360 344 14364 12801 1
360 353 14364 10676 1
360 356 14364 17569 1
360 358 14364 11941 1
361 336 65980 71387 1
361 338 65980 67682 1
361 346 65980 64216 1
361 350 65980 68955 1
361 351 65980 60398 1
362 329 24504 18498 1
362 339 24504 24489 1
362 348 24504 20640 1
362 352 24504 28232 1
362 356 24504 17569 1
362 357 24504 32811 1
362 366 24504 28745 1
362 367 24504 21369 1
362 368 24504 24510 1
362 374 24504 27747 1
363 334 40723 41869 1
363 345 40723 38632 1
363 347 40723 34689 1
363 349 40723 43486 1
363 359 40723 45733 1
364 342 57619 57371 1
364 346 57619 64216 1
364 351 57619 60398 1
364 354 57619 54519 1
364 365 57619 52097 1
364 371 57619 55494 1
364 372 57619 52353 1
365 354 52097 54519 1
365 355 52097 48065 1
365 359 52097 45733 1
365 364 52097 57619 1
365 369 52097 48589 1
365 371 52097 55494 1
365 372 52097 52353 1
365 373 52097 51117 1
366 339 28745 24489 1
366 352 28745 28232 1
366 357 28745 32811 1
366 362 28745 24504 1
366 367 28745 21369 1
366 368 28745 24510 1
366 370 28745 33317 1
366 374 28745 27747 1
367 348 21369 20640 1
367 356 21369 17569 1
367 362 21369 24504 1
367 366 21369 28745 1
367 368 21369 24510 1
367 374 21369 27747 1
368 348 24510 20640 1
368 362 24510 24504 1
368 366 24510 28745 1
368 367 24510 21369 1
368 374 24510 27747 1
369 355 48589 48065 1
369 359 48589 45733 1
369 365 48589 52097 1
369 371 48589 55494 1
369 372 48589 52353 1
369 373 48589 51117 1
369 375 48589 47037 1
370 352 33317 28232 1
370 357 33317 32811 1
370 366 33317 28745 1
370 374 33317 27747 1
371 354 55494 54519 1
371 364 55494 57619 1
371 365 55494 52097 1
371 369 55494 48589 1
371 372 55494 52353 1
371 373 55494 51117 1
372 364 52353 57619 1
372 365 52353 52097 1
372 369 52353 48589 1
372 371 52353 55494 1
372 373 52353 51117 1
372 376 52353 51369 1
373 365 51117 52097 1
373 369 51117 48589 1
373 371 51117 55494 1
373 372 51117 52353 1
373 375 51117 47037 1
373 376 51117 51369 1
373 377 51117 46505 1
374 362 27747 24504 1
374 366 27747 28745 1
374 367 27747 21369 1
374 368 27747 24510 1
374 370 27747 33317 1
375 369 47037 48589 1
375 373 47037 51117 1
375 377 47037 46505 1
376 372 51369 52353 1
376 373 51369 51117 1
377 373 46505 51117 1
377 375 46505 47037 1
377 378 46505 45081 1
378 377 45081 46505 1
