46011
38165
49615
32829
27748
46262
52110
21607
43264
24268
39807
18288
55258
36514
49366
33568
28511
59719
52853
44879
15040
21375
5668
41435
63562
56218
48104
12592
17823
25023
35606
31316
52614
67271
61324
10470
44421
46802
20430
57872
39592
65333
69993
14379
51387
27770
45549
34036
8105
23309
42823
61560
69382
10895
16894
55517
72746
38200
48884
66212
30570
6169
13274
19970
53365
26035
59051
44672
71993
34950
7932
63365
69601
41233
16209
4127
48388
10495
57427
74346
22611
67085
29059
53136
37979
72763
61356
43770
6015
2497
13070
33618
18572
70829
75244
8319
65369
25811
57206
41485
47373
4000
45364
1273
30347
52661
62046
74677
15095
10932
21911
37279
69005
5698
44702
72970
212
2146
463
7783
33641
65386
59785
18595
49437
27324
163
54607
13095
42189
25089
75956
22887
4018
71253
44714
167
45840
259
29602
37298
1500
9921
16485
74544
5717
63192
58176
33656
67767
51952
28092
44490
22180
12453
38745
168
3059
43587
7443
76139
72811
47150
23873
41986
32678
17912
61185
1211
64
55117
66069
5088
43134
28107
70277
50479
23
37087
21714
14016
75294
10559
8
44512
3212
6586
32692
22917
291
21721
73202
58672
40843
63225
17457
27368
67799
53457
48217
1434
76221
12051
5428
35949
21
8773
43623
20783
23416
30926
71305
3367
308
74746
40628
61895
56815
16306
51011
38549
66104
126
47456
34380
1660
11852
76303
6615
44308
27142
258
39943
211
43409
20561
29922
23190
72861
37362
5132
44990
69297
538
75337
15184
59865
53967
10398
26159
64149
50277
33239
3119
26906
46418
45661
24428
40191
7688
76257
18447
70938
1898
13628
5469
66992
29687
57083
36450
11246
45672
74135
61253
43896
22498
52529
44340
76048
8437
3969
39977
26432
16813
69119
63951
33263
1903
74638
2750
49294
57805
6316
13204
45022
71947
20603
53767
66156
36937
60821
29459
42991
75099
10437
4564
24960
17065
72721
69137
47777
8275
56644
5181
62861
33531
40234
13889
52562
6848
21572
73826
43932
66172
70176
27458
58764
11288
74505
18498
36727
48563
54990
62425
41869
9447
71387
31522
67682
24489
15250
45722
57371
51593
12801
38632
64216
34689
20640
43486
68955
60398
28232
10676
54519
48065
17569
32811
11941
45733
14364
65980
24504
40723
57619
52097
28745
21369
24510
48589
33317
55494
52353
51117
27747
47037
51369
46505
45081
