135
297
135
336
141
376
152
415
164
449
186
477
209
506
237
522
271
528
305
522
333
506
361
477
378
449
395
415
406
381
417
348
417
308
152
280
169
263
197
257
226
263
248
280
299
280
321
269
350
263
372
269
395
286
276
308
276
336
276
359
276
387
242
404
259
410
276
415
288
410
305
404
180
314
197
308
214
308
231
319
214
319
197
319
310
319
327
314
344
314
367
319
350
325
327
325
220
449
242
443
259
438
276
443
288
438
305
443
327
455
305
466
288
477
271
477
259
477
242
466
231
449
259
455
276
455
288
455
316
455
288
455
276
455
259
455
41
146
469
18.2451
-41.8135
-326.13
