155
284
155
323
161
357
167
397
178
431
195
459
223
487
257
510
291
516
331
510
359
487
387
459
404
437
416
403
427
369
433
335
433
295
172
261
195
244
223
233
252
244
274
256
314
256
342
244
370
244
393
250
416
272
297
278
291
301
291
323
291
346
263
374
274
374
291
380
308
374
325
374
206
289
223
284
240
284
257
289
240
289
223
289
331
289
348
289
365
289
382
295
365
301
348
295
240
425
257
414
280
403
291
408
308
408
325
414
348
431
325
442
308
448
291
448
274
448
257
437
246
425
280
420
291
425
308
425
336
431
308
425
291
425
280
420
56
124
476
28.7562
-29.2687
-316.441
